0.498202,0.696851,0.000000
0.496389,0.598797,-0.022996
0.462856,0.514600,-0.027996
0.410660,0.490691,-0.032372
0.371765,0.516282,-0.035240
0.420564,0.469153,-0.005403
0.386786,0.378515,-0.013492
0.366500,0.328547,-0.018705
0.346974,0.289918,-0.022121
0.393633,0.515674,-0.005374
0.334176,0.454442,-0.018310
0.302209,0.419495,-0.027623
0.272839,0.393920,-0.031317
0.382488,0.576150,-0.008208
0.357992,0.539697,-0.035517
0.397088,0.557680,-0.039572
0.419194,0.581448,-0.032287
0.378076,0.644964,-0.012318
0.350493,0.602087,-0.032694
0.380282,0.602143,-0.028580
0.404491,0.615307,-0.019371
